        0.04            0            0            0        0.012  -0.00493531    0.0126416    0.0113584  2.68635e-08    0.0353553     0.785398            1            0
        0.08      0.00048            0 -0.000197413        0.024   -0.0456365    0.0299327    0.0180673    -0.187495    0.0304142     0.244781            1           30
        0.12      0.00144 -1.89516e-07  -0.00202287        0.036   -0.0915938    0.0479072    0.0240928    -0.186519    0.0304697     0.242956            1           30
        0.16      0.00288 -3.10245e-06  -0.00568662        0.048    -0.127811    0.0646155    0.0313845    -0.185034    0.0304603     0.239292            1           29
         0.2   0.00479997 -1.40207e-05   -0.0107991         0.06    -0.162202    0.0810862    0.0389138    -0.183049    0.0304184      0.23418            1           29
        0.24   0.00719983  -3.9938e-05   -0.0172871        0.072    -0.212273    0.0995955    0.0444045   -0.0290243    0.0745405     0.768111            0            3
        0.28    0.0100794 -8.97225e-05   -0.0257781        0.084    -0.213993     0.111819     0.056181   -0.0263656    0.0759283      0.75962            0            2
        0.32    0.0134383 -0.000176327   -0.0343378        0.096    -0.364877     0.143434     0.048566   -0.0233424     0.077619      0.75106            0            1
        0.36     0.017276 -0.000308158   -0.0489328        0.108    -0.272901     0.143477    0.0725228   -0.0195474    0.0791654     0.736465            1            0
         0.4    0.0215908 -0.000519464   -0.0598489         0.12    -0.583146     0.195809    0.0441911    -0.177743    0.0777105      0.18513            1           21
        0.44    0.0263823 -0.000806567   -0.0831747        0.132    -0.652178     0.216783    0.0472169   -0.0104998    0.0826764     0.702223            1            0
        0.48     0.031644  -0.00124522    -0.109262        0.144    -0.404962     0.196645     0.091355    -0.167024    0.0745673     0.135717            1           10
        0.52    0.0373696  -0.00187332     -0.12546     0.112077    -0.734948      0.20762    0.0165336    -0.161111      0.07374     0.119518            1           17
        0.56    0.0418175  -0.00243429    -0.154858     0.111347    -0.785398     0.213449   0.00924551    -0.156353    0.0713509    0.0901204            1           16
         0.6    0.0462181  -0.00312126    -0.186274     0.107895    -0.785398     0.209997   0.00579328    -0.151683     0.068619    0.0587045            1           16
        0.64    0.0504592  -0.00392054     -0.21769     0.119895     -0.76847     0.219796     0.019994   -0.0893662    0.0513225     0.567708            1            0
        0.68    0.0551418  -0.00495632    -0.248429    0.0696022    -0.785398     0.171704   -0.0324995    -0.207435    0.0221814      0.85872            1           10
        0.72    0.0578405  -0.00564087    -0.279845    0.0656408    -0.785398     0.167743    -0.036461     -0.20327    0.0221992     0.827304            1            9
        0.76    0.0603639  -0.00636609    -0.311261     0.062584    -0.785398     0.164686   -0.0395178    -0.199215    0.0219696     0.795888            1            9
         0.8     0.062747  -0.00713276    -0.342677    0.0643187    -0.785398      0.16642    -0.037783    -0.195253    0.0215253     0.764472            1            9
        0.84    0.0651702  -0.00799723    -0.374093    0.0623475    -0.785398     0.164449   -0.0397543   -0.0687349    0.0450526     0.411306            1            0
        0.88    0.0674916  -0.00890857    -0.405509    0.0659873    -0.785398     0.168089   -0.0361145    -0.187339    0.0203063      0.70164            1            9
        0.92     0.069917  -0.00994981    -0.436925    0.0685961    -0.785398     0.170698   -0.0335057    -0.183334    0.0195791     0.670224            1            9
        0.96    0.0724031   -0.0111109     -0.46834    0.0705651    -0.785398     0.172667   -0.0315367    -0.179271    0.0187912     0.638808            1            9
           1    0.0749218    -0.012385    -0.499756    0.0732062    -0.785398     0.175308   -0.0288956    -0.175172     0.017923     0.607392            1            9
        1.04    0.0774919   -0.0137883    -0.531172    0.0725795    -0.785398     0.174681   -0.0295223    -0.121512    0.0348395     0.254226            0            6
        1.08    0.0799951   -0.0152589    -0.562588    0.0754859    -0.785398     0.177588   -0.0266159     -0.11796    0.0325171      0.22281            0            6
        1.12    0.0825491   -0.0168694    -0.594004    0.0771285    -0.785398      0.17923   -0.0249733    -0.114369      0.03011     0.191394            0            7
        1.16    0.0851058   -0.0185961     -0.62542    0.0808656    -0.785398     0.182967   -0.0212362    -0.110791    0.0276038     0.159978            0            7
         1.2    0.0877282   -0.0204897    -0.656836    0.0833262    -0.785398     0.185428   -0.0187755    -0.107146    0.0250102     0.128562            0            7
        1.24    0.0903677   -0.0225249    -0.688252    0.0827506    -0.785398     0.184852   -0.0193512    0.0110438    0.0926034     0.882544            1            0
        1.28    0.0929242   -0.0246274    -0.719668     0.082444    -0.785398     0.184546   -0.0196578    -0.135292    0.0548614    0.0657302            1            3
        1.32    0.0954042   -0.0268011    -0.751084    0.0861981    -0.785398       0.1883   -0.0159037    -0.131845    0.0519404    0.0343143            1            3
        1.36    0.0979245   -0.0291541      -0.7825    0.0889315    -0.785398     0.191033   -0.0131702     -0.12834    0.0489178   0.00289834            1            4
         1.4     0.100447   -0.0316621    -0.813916    0.0938688    -0.785398     0.195971  -0.00823292    -0.124823    0.0457869   -0.0285176            1            4
        1.44     0.103025   -0.0343918    -0.845332     0.100607    -0.785398     0.202709  -0.00149436   -0.0157891    0.0443736     0.725465            1            0
        1.48     0.105695   -0.0374027    -0.876748     0.112607    -0.217286     0.140855    0.0843602    -0.117429    0.0391679   -0.0913495            1            6
        1.52     0.108577    -0.040865    -0.885439     0.124607    -0.484462     0.187587    0.0616274    -0.113027    0.0378919    -0.100041            1           10
        1.56     0.111731   -0.0447238    -0.904818     0.136607    -0.600001     0.214608    0.0586072     -0.10828    0.0354679    -0.119419            1           10
         1.6     0.115107   -0.0490205    -0.928818     0.148607    -0.646534     0.232657     0.064558    -0.103169    0.0324377    -0.143419            1           10
        1.64     0.118667   -0.0537813    -0.954679     0.160607    -0.629783     0.242479    0.0787356   -0.0347744    0.0190126      0.15247            1            0
        1.68     0.122379   -0.0590244     -0.97987     0.150139    -0.785398     0.252241    0.0480373    -0.382933   0.00309217     0.590926            1           35
        1.72     0.125725   -0.0640115     -1.01129     0.145486    -0.785398     0.247588    0.0433847    -0.376237   0.00380212      0.55951            1           34
        1.76     0.128814   -0.0689436      -1.0427      0.15028    -0.785398     0.252381    0.0481777    -0.369679   0.00420262     0.528094            1           33
         1.8     0.131843   -0.0741359     -1.07412     0.159008    -0.785398      0.26111    0.0569066    -0.362947   0.00449355     0.496678            1           32
        1.84     0.134874   -0.0797277     -1.10553      0.15476    -0.785398     0.256862    0.0526582     -0.10159    0.0302827     0.220284            1            0
        1.88     0.137651   -0.0852601     -1.13695      0.16676    -0.709376     0.258979    0.0745412    -0.349004   0.00468728     0.433846            1           31
        1.92     0.140455   -0.0913125     -1.16533      0.17876    -0.665685     0.265299     0.092221    -0.341796   0.00490008     0.405471            1           30
        1.96     0.143275   -0.0978831     -1.19195      0.19076    -0.649405     0.275183     0.106337    -0.334208   0.00526004     0.378844            1           29
           2     0.146097    -0.104972     -1.21793      0.20276    -0.638594     0.285777     0.119743    -0.326189   0.00565648     0.352868            1           28
        2.04       0.1489    -0.112583     -1.24347      0.21476    -0.738305      0.31074      0.11878    -0.112744    0.0344235    0.0823452            1            0
        2.08     0.151662    -0.120717       -1.273      0.22676    -0.508527     0.292868     0.160651    -0.308684   0.00600322     0.297792            1           26
        2.12     0.154324    -0.129389     -1.29335      0.23876    -0.399582     0.290706     0.186814    -0.299436   0.00671405     0.277451            1           25
        2.16     0.156939    -0.138574     -1.30933      0.25076    -0.369388      0.29878      0.20274    -0.289825   0.00778931     0.261467            1           24
         2.2     0.159532    -0.148263      -1.3241      0.26276    -0.367675     0.310558     0.214962    -0.279764   0.00895207     0.246692            1           23
        2.24     0.162099    -0.158455     -1.33881      0.27476    -0.369492     0.322794     0.226726    -0.269223    0.0100899     0.231985            0           22
        2.28     0.164626    -0.169151     -1.35359      0.28676    -0.372346     0.335165     0.238355    -0.258198    0.0111759     0.217205            0           21
        2.32     0.167098    -0.180352     -1.36848      0.29876    -0.370764     0.346959     0.250561    -0.246687     0.012191     0.202311            0           20
        2.36     0.169499    -0.192059     -1.38332          0.3    -0.353837     0.345999     0.254001    -0.234693    0.0131373     0.187481            0           19
         2.4     0.171735    -0.203849     -1.39747          0.3    -0.335608     0.343629     0.256371     -0.22265    0.0139816     0.173327            0           18
        2.44     0.173805    -0.215669     -1.41089          0.3    -0.318381      0.34139      0.25861    -0.210607    0.0147273     0.159903            0           17
        2.48     0.175716    -0.227516     -1.42363          0.3    -0.302298     0.339299     0.260701    -0.198565    0.0153794     0.147168            0           16
        2.52     0.177475    -0.239386     -1.43572          0.3    -0.235845      0.33066      0.26934    -0.186525    0.0159419     0.135076            0           15
        2.56     0.179091    -0.251277     -1.44515          0.3    -0.150948     0.319623     0.280377    -0.174511    0.0166225     0.125642            0           14
         2.6     0.180595    -0.263182     -1.45119          0.3    -0.070128     0.309117     0.290883    -0.162532     0.017527     0.119604            0           13
        2.64     0.182027    -0.275097       -1.454          0.3   0.00527746     0.299314     0.300686    -0.150585    0.0186802     0.116799            0           12
        2.68     0.183425    -0.287015     -1.45379          0.3    0.0821779     0.289317     0.310683    -0.138669    0.0200996      0.11701            0           11
        2.72     0.184826    -0.298933      -1.4505          0.3     0.152634     0.280158     0.319842     -0.12679    0.0218269     0.120297            0           10
        2.76     0.186266    -0.310846     -1.44439          0.3     0.221505     0.271204     0.328796    -0.114952    0.0238729     0.126402            0            9
         2.8     0.187779     -0.32275     -1.43553          0.3     0.286464      0.26276      0.33724    -0.103163    0.0262641     0.135263            0            8
        2.84     0.189397    -0.334641     -1.42408          0.3     0.347051     0.254883     0.345117   -0.0914338    0.0290168     0.146721            0            7
        2.88     0.191152    -0.346512     -1.41019          0.3     0.405629     0.247268     0.352732   -0.0797752     0.032143     0.160603            0            6
        2.92     0.193071    -0.358357     -1.39397          0.3     0.458516     0.240393     0.359607   -0.0682021    0.0356614     0.176828            0            5
        2.96     0.195182     -0.37017     -1.37563          0.3     0.505887     0.234235     0.365765   -0.0567284    0.0395747     0.195169            0            4
           3     0.197509    -0.381942     -1.35539          0.3     0.542521     0.229472     0.370528   -0.0453687     0.043883     0.215405            0            3
        3.04     0.200074    -0.393665     -1.33369     0.266005     0.737982     0.170067     0.361943   -0.0841328  -0.00143741     0.237105            0            8
        3.08     0.202573    -0.404007     -1.30417     0.278005     0.630843     0.195996     0.360015   -0.0745259   0.00392056     0.266625            0            7
        3.12     0.205503    -0.414735     -1.27894     0.290005     0.644751     0.206187     0.373823   -0.0644941   0.00927603     0.291858            0            5
        3.16     0.208841    -0.425844     -1.25315          0.3     0.454325     0.240938     0.359062   -0.0541583    0.0150739     0.317649            0            4
         3.2     0.212589    -0.437244     -1.23497          0.3     0.415926      0.24593      0.35407   -0.0433419     0.020543     0.335822            0            3
        3.24     0.216543    -0.448574     -1.21834          0.3     0.324015     0.257878     0.342122   -0.0325735    0.0260637     0.352458            0            2
        3.28     0.220686    -0.459836     -1.20538          0.3     0.351631     0.254288     0.345712   -0.0217665    0.0314196     0.365419            0            1
        3.32     0.224974    -0.471044     -1.19131          0.3     0.383154      0.25019      0.34981   -0.0110706    0.0370178     0.379484            1            0
        3.36     0.229419     -0.48219     -1.17599          0.3     0.453106     0.241096     0.358904    -0.323587     0.030678    -0.390588            1           27
         3.4     0.234035    -0.493267     -1.15786          0.3     0.446705     0.241928     0.358072    -0.311816    0.0277913    -0.372463            1           26
        3.44      0.23885    -0.504258     -1.13999          0.3     0.593811     0.222805     0.377195    -0.335358   -0.0102609    -0.354595            0           28
        3.48     0.243861    -0.515162     -1.11624          0.3     0.592036     0.223035     0.376965    -0.323307   -0.0121905    -0.330843            0           15
        3.52      0.24913    -0.525943     -1.09256          0.3     0.597764     0.222291     0.377709    -0.311215   -0.0138399    -0.307161            0           34
        3.56     0.254653    -0.536597     -1.06865     0.272884     0.757174     0.174451     0.371317    -0.299081   -0.0151806    -0.283251            0           25
         3.6     0.259906    -0.546165     -1.03836     0.284884      0.59153     0.207985     0.361783    -0.287798   -0.0153108    -0.252964            0           21
        3.64     0.265691    -0.555983      -1.0147     0.296884     0.593632     0.219712     0.374056    -0.346911   -0.0158651    -0.229303            0           30
        3.68      0.27196    -0.566069    -0.990956          0.3      0.49023      0.23627      0.36373    -0.334834   -0.0162458    -0.205558            0           28
        3.72     0.278534    -0.576107    -0.971346          0.3     0.486331     0.236777     0.363223    -0.322706   -0.0167717    -0.185948            0           27
        3.76     0.285305    -0.586015    -0.951893          0.3     0.385497     0.249885     0.350115    -0.310571   -0.0170752    -0.166495            0           26
         3.8     0.292266    -0.595789    -0.936473          0.3     0.407227     0.247061     0.352939    -0.298494   -0.0175414    -0.151075            0           25
        3.84     0.299378    -0.605455    -0.920184          0.3     0.139699     0.281839     0.318161    -0.180332    0.0176203    -0.134786            0           15
        3.88     0.306646    -0.615004    -0.914596          0.3    0.0434573     0.294351     0.305649    -0.168368    0.0165617    -0.129198            0           14
        3.92     0.313967    -0.624511    -0.912858          0.3    0.0278625     0.296378     0.303622    -0.156445     0.015188     -0.12746            0           13
        3.96     0.321305    -0.634007    -0.911744          0.3     0.135866     0.282337     0.317663    -0.144529    0.0137732    -0.126345            0           12
           4     0.328654    -0.643493    -0.906309          0.3     0.205684     0.273261     0.326739    -0.132557    0.0128004    -0.120911            0           11
        4.04     0.336053     -0.65294    -0.898082          0.3     0.262836     0.265831     0.334169    -0.120549    0.0121701    -0.112683            0           10
        4.08     0.343531    -0.662326    -0.887568          0.3     0.316624     0.258839     0.341161    -0.108512    0.0118661     -0.10217            0            9
        4.12     0.351106    -0.671632    -0.874903          0.3     0.362112     0.252925     0.347075   -0.0964537    0.0119028    -0.089505            0            8
        4.16     0.358799    -0.680842    -0.860419          0.3      0.40212     0.247724     0.352276   -0.0843827    0.0122737   -0.0750204            0            7
         4.2     0.366625    -0.689939    -0.844334          0.3     0.438686     0.242971     0.357029   -0.0723088    0.0129792   -0.0589356            0            6
        4.24     0.374595     -0.69891    -0.826786          0.3     0.664597     0.213602     0.386398    -0.166308   -0.0213305   -0.0413884            0           14
        4.28     0.382722    -0.707739    -0.800203          0.3     0.713818     0.207204     0.392796    -0.154243   -0.0191698   -0.0148045            0           13
        4.32     0.391081    -0.716349     -0.77165          0.3     0.677038     0.211985     0.388015    -0.142243   -0.0164922    0.0137482            0           12
        4.36     0.399682    -0.724717    -0.744568          0.3     0.618007     0.219659     0.380341    -0.130318   -0.0136202    0.0408297            0           11
         4.4     0.408507    -0.732848    -0.719848          0.3     0.538524     0.229992     0.370008     -0.11846   -0.0106619      0.06555            0           10
        4.44      0.41753     -0.74076    -0.698307          0.3     0.552092     0.228228     0.371772     -0.10665  -0.00772811    0.0870908            0            9
        4.48     0.426721    -0.748475    -0.676223          0.3     0.506578     0.234145     0.365855   -0.0949114   -0.0044866     0.109175            0            8
        4.52      0.43608    -0.755985     -0.65596          0.3     0.530927      0.23098     0.369021    -0.083224  -0.00116728     0.129438            0            7
        4.56      0.44559    -0.763304    -0.634723          0.3      0.51548     0.232988     0.367012   -0.0716209   0.00248453     0.150675            0            6
         4.6     0.455253     -0.77042    -0.614104          0.3     0.534187     0.230556     0.369444   -0.0600872   0.00632098     0.171294            0            5
        4.64      0.46506    -0.777334    -0.592737          0.3     0.566819     0.226314     0.373686   -0.0486496    0.0104679     0.192661            0            4
        4.68     0.475013    -0.784038    -0.570064          0.3     0.628882     0.218245     0.381755   -0.0373309    0.0149857     0.215334            0            3
        4.72     0.485115    -0.790514    -0.544909          0.3     0.644914     0.216161     0.383839   -0.0261764    0.0200003     0.240489            0            2
        4.76     0.495377    -0.796734    -0.519112          0.3     0.678647     0.211776     0.388224   -0.0151684    0.0253556     0.266286            0            1
         4.8     0.505797    -0.802688    -0.491966          0.3     0.640885     0.216685     0.383315  -0.00434113    0.0311223     0.293432            1            0
        4.84     0.516373    -0.808356    -0.466331          0.3     0.633172     0.217688     0.382312   0.00637311    0.0370373     0.319067            1            0
        4.88     0.527092    -0.813751    -0.441004          0.3     0.641037     0.216665     0.383335    -0.507475     0.018564    -0.441004            1           46
        4.92     0.537944    -0.818873    -0.415362          0.3     0.601192     0.221845     0.378155    -0.495559    0.0157744    -0.415362            1           44
        4.96     0.548924    -0.823716    -0.391315          0.3     0.548761     0.228661     0.371339    -0.483635    0.0131438    -0.391315            1           42
           5     0.560017    -0.828293    -0.369364          0.3     0.498021     0.235257     0.364743    -0.471728    0.0106052    -0.369364            1           41
        5.04     0.571207    -0.832625    -0.349443          0.3     0.332876     0.256726     0.343274    0.0226458    0.0341542     0.435955            1            0
        5.08     0.582482    -0.836733    -0.336128          0.3     0.409863     0.246718     0.353282    -0.448114   0.00528318    -0.336128            1           29
        5.12      0.59381    -0.840691    -0.319734          0.3      0.43458     0.243505     0.356495    -0.436258    0.0028773    -0.319734            1           41
        5.16     0.605202    -0.844463    -0.302351          0.3     0.399062     0.248122     0.351878    -0.424334  0.000760376    -0.302351            1           41
         5.2     0.616658    -0.848036    -0.286388          0.3     0.370599     0.251822     0.348178    -0.412415   -0.0012852    -0.286388            1           40
        5.24     0.628169    -0.851426    -0.271564          0.3       0.3472     0.254864     0.345136    -0.400496  -0.00325006    -0.271564            0           39
        5.28     0.639729    -0.854645    -0.257676          0.3     0.326969     0.257494     0.342506    -0.388572   -0.0051285    -0.257676            0           39
        5.32     0.651333    -0.857703    -0.244597          0.3     0.310586     0.259624     0.340376    -0.376643  -0.00691968    -0.244597            0           37
        5.36     0.662976    -0.860609    -0.232174          0.3     0.295018     0.261648     0.338352    -0.364707  -0.00861841    -0.232174            0           34
         5.4     0.674654     -0.86337    -0.220373          0.3     0.280409     0.263547     0.336453    -0.352764   -0.0102296    -0.220373            0           31
        5.44     0.686364    -0.865993    -0.209157          0.3      0.25589     0.266734     0.333266    -0.340815   -0.0117568    -0.209157            0           30
        5.48     0.698102    -0.868485    -0.198921          0.3     0.241519     0.268603     0.331398     -0.32887   -0.0132462    -0.198921            0           29
        5.52     0.709866    -0.870856    -0.189261          0.3     0.226668     0.270533     0.329467     -0.31692   -0.0146696    -0.189261            0           28
        5.56     0.721652    -0.873114    -0.180194          0.3     0.223267     0.270975     0.329025    -0.304968    -0.016036    -0.180194            0           27
         5.6     0.733457    -0.875265    -0.171263          0.3     0.218236     0.271629     0.328371    -0.293006   -0.0173073    -0.171263            0           26
        5.64     0.745282     -0.87731    -0.162534          0.3      0.21697     0.271794     0.328206    -0.281036   -0.0184916    -0.162534            0           24
        5.68     0.757124    -0.879251    -0.153855          0.3     0.229875     0.270116     0.329884    -0.269058   -0.0195764    -0.153855            0           24
        5.72     0.768982     -0.88109     -0.14466          0.3     0.220155      0.27138      0.32862    -0.257063   -0.0205061     -0.14466            0           23
        5.76     0.780856     -0.88282    -0.135854          0.3     0.224343     0.270835     0.329165    -0.245065    -0.021364    -0.135854            0           21
         5.8     0.792746    -0.884446     -0.12688          0.3     0.257598     0.266512     0.333488    -0.233058   -0.0220996     -0.12688            0           21
        5.84     0.804649    -0.885964    -0.116576          0.3     0.246939     0.267898     0.332102    -0.221029   -0.0225953    -0.116576            0           20
        5.88     0.816568     -0.88736    -0.106699          0.3      0.25687     0.266607     0.333393    -0.209001   -0.0230095    -0.106699            0           18
        5.92       0.8285    -0.888638   -0.0964238          0.3     0.312953     0.259316     0.340684    -0.196965   -0.0232653   -0.0964238            0           18
        5.96     0.840444    -0.889793   -0.0839056          0.3     0.299041     0.261125     0.338875    -0.184908   -0.0231739   -0.0839056            0           17
           6     0.852402    -0.890799    -0.071944          0.3     0.313254     0.259277     0.340723    -0.172857   -0.0229871    -0.071944            0           15
        6.04     0.864371    -0.891661   -0.0594139          0.3     0.400756     0.247902     0.352098    -0.160806   -0.0225993   -0.0594139            0           15
        6.08      0.87635    -0.892374   -0.0433837          0.3     0.382021     0.250337     0.349663    -0.148745   -0.0217111   -0.0433837            0           13
        6.12     0.888338    -0.892894   -0.0281028          0.3     0.474361     0.238333     0.361667    -0.136701   -0.0207044   -0.0281028            0           13
        6.16     0.900333    -0.893232  -0.00912837          0.3       0.4501     0.241487     0.358513    -0.124671   -0.0191445  -0.00912837            0           11
         6.2     0.912333    -0.893341   0.00887564          0.3     0.563644     0.226726     0.373274    -0.112671   -0.0174537   0.00887564            0           11
        6.24     0.924332    -0.893235    0.0314214          0.3     0.533195     0.230685     0.369315    -0.100717   -0.0150931    0.0314214            0            9
        6.28     0.936327    -0.892858    0.0527492     0.295805     0.651697     0.211084     0.380525   -0.0888126   -0.0125853    0.0527492            0            9
        6.32     0.948142    -0.892234    0.0788171          0.3     0.624192     0.218855     0.381145   -0.0771681  -0.00936037    0.0788171            0            7
        6.36     0.960105    -0.891289     0.103785     0.277846     0.703377     0.186407     0.369285    -0.065433  -0.00592923     0.103785            0            7
         6.4     0.971159    -0.890138      0.13192     0.289846     0.697884     0.199121     0.380571   -0.0547098  -0.00198394      0.13192            0            5
        6.44     0.982652    -0.888613     0.159835     0.261333     0.750995     0.163703     0.358962   -0.0436225   0.00230294     0.159835            0            4
        6.48     0.992972    -0.886949     0.189875     0.250996     0.785139     0.148928     0.353064   -0.0338249   0.00692469     0.189875            0            3
        6.52      1.00283    -0.885054     0.221281     0.239152     0.785398      0.13705     0.341254   -0.0246066    0.0118939     0.221281            0            2
        6.56      1.01216    -0.882954     0.252696     0.231149     0.785398     0.129047     0.333251   -0.0160112    0.0170471     0.252696            0            1
         6.6      1.02112    -0.880643     0.284112     0.227687     0.785398     0.125585     0.329789  -0.00789189    0.0223877     0.284112            1            0
        6.64      1.02986     -0.87809     0.315528     0.228297     0.785398     0.126195     0.330398  -7.7486e-05    0.0279419     0.315528            1            0
        6.68      1.03854    -0.875256     0.346944     0.231848     0.785398     0.129746      0.33395    -0.182908    0.0185011    -0.438454            1           16
        6.72      1.04726    -0.872103      0.37836     0.221423     0.785398     0.119321     0.323525    -0.173223    0.0174288    -0.407038            1           16
     6.75999      1.05549    -0.868831     0.409776     0.228726     0.785398     0.126624     0.330828    -0.163891    0.0168264    -0.375622            1           14
     6.79999      1.06388    -0.865186     0.441192     0.224738     0.785398     0.122636     0.326839    -0.154274    0.0164103    -0.344206            1           14
     6.83999      1.07201    -0.861347     0.472608     0.236738     0.631007     0.154707     0.318768    0.0360508    0.0591736     0.472608            1            0
     6.87999      1.08044    -0.857037     0.497848     0.248738     0.445651     0.190803     0.306672    -0.205753    0.0158474     -0.28755            1           18
     6.91999      1.08919    -0.852286     0.515674     0.260738     0.490714     0.196945      0.32453    -0.195721    0.0147395    -0.269724            1           16
     6.95999      1.09826    -0.847143     0.535303     0.272738     0.486264     0.209523     0.335952    -0.185164    0.0138573    -0.250095            1           16
     6.99999      1.10764    -0.841578     0.554753     0.284738     0.543883     0.214033     0.355442    -0.174131    0.0130464    -0.230645            1           14
     7.03999      1.11732    -0.835578     0.576509     0.296738     0.686731     0.207463     0.386013    -0.197925   -0.0227895    -0.208889            0           15
     7.07999      1.12727    -0.829108     0.603978     0.298347     0.785398     0.196245     0.400449     -0.18578   -0.0225562     -0.18142            0           16
     7.11999       1.1371    -0.822331     0.635394          0.3     0.670507     0.212834     0.387166    -0.173524    -0.021611    -0.150004            0           15
     7.15999      1.14676    -0.815209     0.662214          0.3     0.606707     0.221128     0.378872    -0.161294   -0.0207474    -0.123184            0           14
     7.19999      1.15622     -0.80783     0.686482          0.3     0.466811     0.239315     0.360685    -0.149116     -0.01981   -0.0989157            0           13
     7.23999       1.1655    -0.800225     0.705155          0.3     0.309458     0.259771      0.34023    -0.101652      0.01622   -0.0802435            0            8
     7.27999      1.17464    -0.792447     0.717533          0.3     0.430596     0.244022     0.355978    -0.089599    0.0164926   -0.0678651            0            7
     7.31999      1.18368    -0.784556     0.734757          0.3      0.49781     0.235285     0.364715   -0.0775246    0.0173982   -0.0506413            0            6
     7.35999      1.19258    -0.776512     0.754669          0.3     0.530581     0.231025     0.368975   -0.0654589    0.0187803   -0.0307289            0            5
     7.39999      1.20133    -0.768291     0.775893          0.3     0.545511     0.229084     0.370916   -0.0534218    0.0205334  -0.00950569            0            4
     7.43999      1.20989    -0.759887     0.797713          0.3      0.54775     0.228792     0.371208   -0.0414255    0.0226013    0.0123149            0            3
     7.47999      1.21827    -0.751298     0.819623          0.3     0.540222     0.229771     0.370229   -0.0294773    0.0249395    0.0342249            0            2
     7.51999      1.22646    -0.742527     0.841232          0.3        0.523      0.23201      0.36799   -0.0175817    0.0275088    0.0558338            0            1
     7.55999      1.23446    -0.733581     0.862152          0.3     0.495615      0.23557      0.36443  -0.00573901    0.0302657    0.0767539            1            0
     7.59999      1.24227     -0.72447     0.881977          0.3     0.518556     0.232588     0.367412    -0.183903    0.0253204    -0.443841            2            0
     7.63999       1.2499    -0.715207     0.902719          0.3     0.585309      0.22391      0.37609   -0.0175786   0.00102501     0.117321            0            2
     7.67999      1.25733    -0.705786     0.926131          0.3      0.70233     0.208697     0.391303  -0.00596239   0.00475138     0.140733            0            1
     7.71999      1.26454    -0.696195     0.954224          0.3     0.655801     0.214746     0.385254     0.005486   0.00921022     0.168826            1            0
     7.75999      1.27148    -0.686404     0.980456          0.3      0.60198     0.221743     0.378257    -0.136877   0.00481735     -0.26859            1           12
     7.79999      1.27816    -0.676435      1.00454          0.3     0.509548     0.233759     0.366241    -0.124696   0.00396186     -0.24451            1           11
     7.83999       1.2846    -0.666308      1.02492          0.3     0.338903     0.255943     0.344057    0.0393679     0.023082      0.23952            1            0
     7.87999      1.29083    -0.656052      1.03847          0.3     0.239399     0.268878     0.331122    -0.100587   0.00169597    -0.210572            1            9
     7.91999      1.29692    -0.645713      1.04805          0.3     0.170362     0.277853     0.322147   -0.0886569  0.000125176    -0.200996            1            8
     7.95999      1.30291    -0.635315      1.05486          0.3     0.159343     0.279285     0.320715   -0.0767647  -0.00160242    -0.194182            1            7
     7.99999      1.30883    -0.624877      1.06124          0.3     0.172414     0.277586     0.322414   -0.0648692  -0.00329211    -0.187808            1            6
     8.03999      1.31468    -0.614402      1.06813          0.3     0.185075      0.27594      0.32406   -0.0529538  -0.00485464    -0.180912            0            5
     8.07999      1.32047    -0.603886      1.07554          0.3     0.191856     0.275059     0.324941   -0.0410191  -0.00628522    -0.173509            0            4
     8.11999      1.32617    -0.593328      1.08321          0.3      0.19313     0.274893     0.325107   -0.0290697  -0.00760044    -0.165834            0            3
     8.15999      1.33179    -0.582726      1.09094          0.3     0.192749     0.274943     0.325057   -0.0171098  -0.00881893    -0.158109            0            2
     8.19999      1.33733    -0.572082      1.09865          0.3     0.184309      0.27604      0.32396  -0.00514099  -0.00994648    -0.150399            0            1
     8.23999      1.34279    -0.561395      1.10602          0.3     0.158269     0.279425     0.320575   0.00832046  -0.00993839  -0.00112998            1            0
     8.27999      1.34817    -0.550668      1.11235          0.3     0.121634     0.284188     0.315812   -0.0914842  -0.00931887   0.00520194            1            5
     8.31999      1.35348    -0.539907      1.11722          0.3    0.0596069     0.292251     0.307749   -0.0794881  -0.00876994    0.0100673            1            4
     8.35999      1.35874     -0.52912       1.1196          0.3   0.00760263     0.299012     0.300988   -0.0674914  -0.00841069    0.0124516            1            3
     8.39999      1.36397    -0.518321       1.1199          0.3   -0.0442696     0.305755     0.294245   -0.0554927  -0.00823088    0.0127558            1            2
     8.43999       1.3692     -0.50752      1.11813          0.3     -0.13647     0.317741     0.282259   -0.0442219  -0.00202121    -0.130912            0            2
     8.47999      1.37445    -0.496729      1.11267          0.3    -0.125091     0.316262     0.283738   -0.0323973  -0.00412859    -0.136371            0            1
     8.51999      1.37975    -0.485966      1.10767          0.3    -0.212452     0.327619     0.272381   -0.0205781  -0.00625557    -0.141375            1            0
     8.55999      1.38511     -0.47523      1.09917          0.3    -0.239252     0.331103     0.268897   -0.0611472  -0.00554693    -0.471624            1            5
     8.59999      1.39057     -0.46454       1.0896          0.3    -0.255363     0.333197     0.266803   -0.0508961   -0.0118494    -0.481194            1            4
     8.63999      1.39612    -0.453903      1.07939          0.3    -0.256871     0.333393     0.266607    0.0164728   -0.0122309   -0.0277603            1            0
     8.67999      1.40178    -0.443323      1.06911          0.3      0.18067     0.276513     0.323487   -0.0306456   -0.0248723    -0.501683            1            2
     8.71999      1.40755    -0.432802      1.07634          0.3    -0.316055     0.341087     0.258913   -0.0197791   -0.0300082    -0.494457            1            1
     8.75999      1.41325    -0.422239       1.0637          0.3    -0.150683     0.319589     0.280411  -0.00982329   -0.0368118    -0.507099            2            0
     8.79999      1.41908    -0.411749      1.05767          0.3    -0.505473     0.365711     0.234289    -0.181346   -0.0302594     0.272272            2           14
     8.83999      1.42497    -0.401295      1.03745          0.3    -0.114017     0.314822     0.285178   0.00981656   -0.0508077    -0.533345            1            0
     8.87999      1.43107    -0.390961      1.03289          0.3    -0.435659     0.356636     0.243364    -0.157531   -0.0264344     0.247492            1           12
     8.91999      1.43722    -0.380656      1.01546          0.3    -0.130371     0.316948     0.283052    -0.145484   -0.0251879     0.230066            1           12
     8.95999      1.44354    -0.370459      1.01025     0.268642    -0.629097     0.350425     0.186859    -0.133683   -0.0229594     0.224851            1           11
     8.99999      1.44925    -0.361358     0.985085     0.280642    -0.132909      0.29792     0.263364    -0.122677   -0.0230233     0.199687            1           10
     9.03999      1.45546    -0.352003     0.979769      0.27158    -0.630804     0.353585     0.189576   0.00603351   -0.0361817    -0.591027            1            0
     9.07999      1.46151    -0.342983     0.954537      0.28358    -0.116737     0.298756     0.268405    -0.100456   -0.0217013     0.169139            1            9
     9.11999      1.46807    -0.333726     0.949867     0.264853     -0.63353     0.347211     0.182494    -0.089197   -0.0202524     0.164469            1            8
     9.15999      1.47423     -0.32511     0.924526     0.276853   -0.0677124     0.285655      0.26805   -0.0783627   -0.0210228     0.139128            1            7
     9.19999       1.4809    -0.316269     0.921818     0.235747    -0.635055     0.318304     0.153189   -0.0673584   -0.0197553      0.13642            1            6
     9.23999       1.4866    -0.308756     0.896415     0.247747    -0.547512     0.318923      0.17657    0.0443533   -0.0740427    -0.674381            1            0
     9.27999      1.49279    -0.301015     0.874515     0.259747   0.00487709     0.259113     0.260381   -0.0476352   -0.0220747    0.0891169            1            4
     9.31999      1.49945    -0.293044      0.87471     0.271747    -0.557395     0.344208     0.199285   -0.0372883   -0.0211305     0.089312            1            3
     9.35999      1.50642    -0.284703     0.852414     0.204774    -0.767596     0.304562     0.104987   -0.0262877   -0.0223837    0.0670162            1            2
     9.39999      1.51181    -0.278536      0.82171     0.216774    -0.641868     0.300217     0.133331   -0.0179566   -0.0249014    0.0363123            1            1
     9.43999      1.51772    -0.272186     0.796036     0.206688    -0.785398     0.308789     0.104586    0.0261243    0.0082021    0.0106373            1            0
     9.47999       1.5235    -0.266279      0.76462     0.218688    -0.250856     0.251299     0.186076   -0.0293336    0.0279477      0.76462            1            2
     9.51999      1.52981    -0.260223     0.754586     0.230687    0.0581265     0.223131     0.238244   -0.0223299    0.0332757     0.754586            1            1
     9.55999      1.53654    -0.253902     0.756911     0.242687     0.220105     0.214074     0.271301   -0.0157667    0.0397656     0.756911            2            0
     9.59999      1.54359    -0.247236     0.765715     0.254687     0.199244     0.228786     0.280589    -0.326859     0.039871   -0.0196834            2           19
     9.63999      1.55094    -0.240176     0.773685     0.266687     0.107932     0.252656     0.280719  -0.00252783    0.0547017     0.773685            1            0
     9.67999      1.55857    -0.232722     0.778002     0.278687    0.0941198     0.266452     0.290923     -0.30599    0.0407741  -0.00739634            1           18
     9.71999      1.56651    -0.224898     0.781767     0.290376   -0.0611295     0.298323     0.282429    -0.294841    0.0410682  -0.00363153            1           38
     9.75999      1.57475    -0.216714     0.779321          0.3    -0.150719     0.319593     0.280407    -0.283227    0.0407814  -0.00607669            1           35
     9.79999      1.58329    -0.208281     0.773293          0.3    -0.178148     0.323159     0.276841    -0.271233    0.0401057   -0.0121055            1           34
     9.83999      1.59188    -0.199899     0.766167          0.3    -0.116314     0.315121     0.284879   -0.0110662    0.0444388     0.766167            1            0
     9.87999      1.60052    -0.191578     0.761514          0.3     0.175908     0.277132     0.322868    -0.247257     0.038552   -0.0238841            1           14
     9.91999      1.60921    -0.183298     0.768551     0.232893    -0.341263     0.277257     0.188529    -0.235246     0.038969   -0.0168477            1           33
     9.95999      1.61591    -0.176823       0.7549     0.244893    -0.434431     0.301369     0.188417    -0.225964    0.0374474   -0.0304983            1           30
     9.99999      1.62304    -0.170111     0.737523     0.256893    -0.468619     0.317814     0.195973    -0.216241    0.0354122   -0.0478755            1           28
       10.04      1.63065    -0.163201     0.718778     0.268893    -0.490977      0.33272     0.205066    0.0309073    0.0776458     0.718778            1            0
       10.08      1.63874    -0.156118     0.699139     0.280893     0.223253      0.25187     0.309916    -0.195502    0.0303749   -0.0862593            1           10
       10.12      1.64734    -0.148888     0.708069     0.174207    -0.467392     0.234969     0.113446    -0.184235    0.0302969   -0.0773292            1           28
       10.16      1.65263    -0.144356     0.689373     0.186207    -0.609874     0.265491     0.106924     -0.17745    0.0278962   -0.0960249            1           24
        10.2      1.65838    -0.139618     0.664979     0.198207    -0.613471     0.277959     0.118456    -0.170299    0.0247568     -0.12042            1           23
       10.24      1.66462    -0.134726      0.64044     0.210207    -0.610738     0.289603     0.130812    0.0198039    0.0500287      0.64044            1            0
       10.28      1.67136    -0.129702      0.61601     0.222207     0.305906      0.18244     0.261975    -0.154815    0.0177448    -0.169388            1           10
       10.32      1.67862    -0.124566     0.628246     0.233952    -0.223482     0.263005     0.204899    -0.145855    0.0174538    -0.157152            1           21
       10.36      1.68619    -0.119066     0.619307     0.245952    -0.281067     0.282491     0.209413    -0.136756    0.0151069    -0.166091            1           14
        10.4       1.6942    -0.113355     0.608064     0.257952    -0.294401     0.296224      0.21968    -0.127246    0.0123727    -0.177334            1           13
       10.44      1.70267    -0.107461     0.596288     0.269952    -0.265008     0.304403     0.235501    -0.117304   0.00939455     -0.18911            0           11
       10.48       1.7116    -0.101397     0.585688     0.281952    -0.253348     0.314887     0.249017    -0.106903   0.00632458     -0.19971            0           10
       10.52        1.721   -0.0951628     0.575554     0.293952    -0.210993     0.321381     0.266523   -0.0960553     0.003095    -0.209844            0            8
       10.56      1.73086   -0.0887629     0.567114     0.283008    -0.417718     0.337311     0.228704   -0.0847345 -0.000178956    -0.218284            0            8
        10.6      1.74041   -0.0826816     0.550406     0.288557    -0.452366     0.347365      0.22975   -0.0740583  -0.00425853    -0.234993            0            6
       10.64      1.75025   -0.0766446     0.532311     0.259428    -0.606735     0.338303     0.180552   -0.0632704  -0.00870181    -0.253088            0            6
       10.68      1.75919   -0.0713779     0.508042     0.271428    -0.629889     0.353313     0.189542     -0.05386   -0.0136422    -0.277357            0            4
       10.72      1.76868   -0.0660963     0.482846     0.234054    -0.722258     0.327947      0.14016   -0.0441381   -0.0190294    -0.302552            0            4
       10.76      1.77697   -0.0617495     0.453956     0.246054    -0.729039     0.340829     0.151279   -0.0361017   -0.0245639    -0.331443            0            2
        10.8      1.78581   -0.0574334     0.424794     0.217513    -0.782542     0.319243     0.115783   -0.0277843   -0.0305098    -0.360604            0            2
       10.84      1.79374   -0.0538477     0.393493     0.229378    -0.785398      0.33148     0.127277   -0.0207934   -0.0364908    -0.391906            0            1
       10.88      1.80222   -0.0503298     0.362077     0.220783    -0.785398     0.322884     0.118681   -0.0135593   -0.0428793    -0.423322            1            0
       10.92      1.81047   -0.0472016     0.330661     0.205332    -0.785398     0.307434     0.103231    -0.167358   -0.0312584     0.575639            1           15
       10.96      1.81824    -0.044535     0.299245     0.182972    -0.785398     0.285074    0.0808705      -0.1588   -0.0294491     0.544223            1           17
          11      1.82524   -0.0423774     0.267829     0.182608    -0.785398      0.28471    0.0805063    -0.150954   -0.0283725     0.512807            1           15
       11.04      1.83228   -0.0404444     0.236413     0.194608    -0.666089       0.2812     0.108017   0.00882215   -0.0682513    -0.548986            1            0
       11.08      1.83985   -0.0386211     0.209769     0.206608    -0.715053     0.299565     0.113651     -0.13499   -0.0263235     0.454748            1           11
       11.12      1.84793   -0.0369002     0.181167     0.177376    -0.785398     0.279478    0.0752746    -0.126346   -0.0252807     0.426146            1           15
       11.16      1.85491   -0.0356219     0.149751     0.183205    -0.785398     0.285307     0.081103    -0.118632   -0.0252284      0.39473            1           11
        11.2      1.86216   -0.0345286     0.118335     0.190657    -0.785398     0.292759    0.0885555    -0.110705   -0.0253288     0.363314            1           10
       11.24      1.86973   -0.0336282    0.0869194     0.202657    -0.738982     0.298725      0.10659  -0.00395626   -0.0666798    -0.698478            1            0
       11.28      1.87781   -0.0329245    0.0573602     0.214657    -0.734043     0.310083     0.119232   -0.0916699   -0.0328668     0.379111            1            7
       11.32      1.88638   -0.0324323    0.0279985     0.165913     -0.77907     0.267192    0.0646335   -0.0826467   -0.0324323     0.349749            1            9
       11.36      1.89301   -0.0322465  -0.00316435     0.164096    -0.785398     0.266198    0.0619946   -0.0753898    -0.033102     0.318586            1            7
        11.4      1.89958   -0.0322672   -0.0345803     0.171872    -0.785398     0.273974    0.0697704   -0.0682195   -0.0340446      0.28717            1            5
       11.44      1.90645   -0.0325049   -0.0659962     0.152827    -0.785398     0.254929    0.0507252   -0.0187716   -0.0140998   -0.0659962            0            2
       11.48      1.91255   -0.0329081   -0.0974121     0.160032    -0.785398     0.262133    0.0579298   -0.0129282   -0.0176339   -0.0974121            0            1
       11.52      1.91892   -0.0335306    -0.128828     0.156936    -0.785398     0.259038    0.0548343  -0.00691199   -0.0213779    -0.128828            1            0
       11.56      1.92514   -0.0343371    -0.160244     0.156231    -0.785398     0.258333    0.0541293    -0.195052   -0.0186902     0.625155            1           20
        11.6      1.93131   -0.0353342     -0.19166     0.155116    -0.785398     0.257218    0.0530145    -0.188187   -0.0176089     0.593739            1           20
       11.64       1.9374   -0.0365162    -0.223076     0.167116    -0.753692     0.265096    0.0691363   0.00992465   -0.0336392    -0.223076            1            0
       11.68      1.94392    -0.037995    -0.253224     0.179116    -0.776671     0.280083    0.0781491    -0.174104   -0.0157793     0.532175            1           17
       11.72      1.95086   -0.0397899     -0.28429     0.168292    -0.785398     0.270394    0.0661907    -0.166395   -0.0148449     0.501108            1           18
       11.76      1.95732    -0.041678    -0.315706     0.173815    -0.785398     0.275917    0.0717132    -0.159026   -0.0143896     0.469692            1           17
        11.8      1.96393   -0.0438367    -0.347122     0.183535    -0.785398     0.285636    0.0814328    -0.151448   -0.0140661     0.438276            1           15
       11.84      1.97083   -0.0463342    -0.378538     0.195535    -0.710617     0.287915     0.103154    0.0387521   -0.0582905    -0.378538            1            0
       11.88       1.9781   -0.0492247    -0.406963     0.207535    -0.597406     0.285197     0.129872    -0.135242   -0.0133466     0.378436            1           13
       11.92      1.98572   -0.0525106    -0.430859      0.18838     -0.77183     0.288718    0.0880425    -0.126672   -0.0125103      0.35454            1           14
       11.96      1.99257   -0.0556577    -0.461732     0.185179    -0.785398     0.287281    0.0830773    -0.118578   -0.0128058     0.323666            1           13
          12       1.9992   -0.0589575    -0.493148     0.193032    -0.785398     0.295134    0.0909303    -0.110603   -0.0134437      0.29225            1           11
       12.04        2.006   -0.0626128    -0.524564     0.195954    -0.785398     0.298056    0.0938525    0.0175564   -0.0376964    -0.524564            1            0
       12.08      2.01279   -0.0665384     -0.55598     0.207954    -0.670338     0.295098      0.12081   -0.0940163   -0.0152674     0.229418            1            9
       12.12      2.01985   -0.0709286    -0.582794     0.184113    -0.782006     0.285774    0.0824522   -0.0853414   -0.0159948     0.202605            1           10
       12.16        2.026   -0.0749817    -0.614074     0.180162    -0.785398     0.282264      0.07806   -0.0775461   -0.0175862     0.171325            1            8
        12.2      2.03189   -0.0791341     -0.64549      0.17641    -0.785398     0.278511    0.0743078   -0.0699584   -0.0194611     0.139909            1            8
       12.24      2.03753   -0.0833791    -0.676906      0.18841    -0.698139     0.279168    0.0976515    0.0404785   -0.0710176    -0.676906            1            0
       12.28       2.0434   -0.0880998    -0.704831      0.20041    -0.321959     0.242264     0.158555    -0.054826   -0.0235583    0.0805673            1            6
       12.32      2.04951   -0.0932937     -0.71771      0.21241    -0.568441     0.286307     0.138512   -0.0467403   -0.0241975    0.0676889            1            5
       12.36      2.05591   -0.0988814    -0.740447      0.22441    -0.709364     0.316627     0.132192   -0.0381355    -0.025893    0.0449513            1            4
        12.4      2.06253    -0.104937    -0.768822     0.236041    -0.785398     0.338142     0.133939    -0.029081   -0.0283258    0.0165768            1            3
       12.44      2.06932    -0.111502    -0.800238     0.224533    -0.785398     0.326634     0.122431   -0.0285315   -0.0234939     -0.33659            0            2
       12.48      2.07558    -0.117946    -0.831654     0.209504    -0.785398     0.311606     0.107402   -0.0211382   -0.0294087    -0.368006            0            1
       12.52      2.08122    -0.124139     -0.86307     0.220365    -0.785398     0.322467     0.118263   -0.0144952   -0.0353365    -0.399422            1            0
       12.56      2.08695    -0.130837    -0.894486     0.221332    -0.785398     0.323433      0.11923    -0.179514   -0.0329001     0.431331            1           16
        12.6      2.09249    -0.137742    -0.925901     0.233332    -0.770947     0.333555     0.133109    -0.170203   -0.0320728     0.399915            1           15
       12.64       2.0981      -0.1452    -0.956739     0.245332    -0.673223     0.332851     0.157813    0.0059824   -0.0550707    -0.493091            1            0
       12.68      2.10376    -0.153221    -0.983668     0.257332     -0.61262     0.336972     0.177691    -0.150359   -0.0302815     0.342148            1           13
       12.72      2.10946     -0.16179     -1.00817     0.269332    -0.586712     0.345604     0.193059    -0.139869   -0.0291463     0.317644            1           12
       12.76      2.11521    -0.170903     -1.03164     0.281332    -0.551273     0.352997     0.209666    -0.128928   -0.0280193     0.294175            1           11
        12.8      2.12098     -0.18056     -1.05369     0.293332    -0.508874     0.359485     0.227178    -0.117542   -0.0268735     0.272124            1           10
       12.84      2.12678    -0.190759     -1.07405          0.3    -0.390575     0.350775     0.249225    0.0375579   -0.0383471    -0.288649            1            0
       12.88       2.1325    -0.201309     -1.08967          0.3    -0.334634     0.343502     0.256498   -0.0952952   -0.0169536     0.159374            1            8
       12.92      2.13806    -0.211946     -1.10306          0.3    -0.282756     0.336758     0.263242   -0.0832437   -0.0163722     0.145989            1            7
       12.96      2.14347    -0.222658     -1.11437          0.3    -0.244018     0.331722     0.268278   -0.0712131   -0.0157464     0.134679            1            6
          13      2.14876    -0.233429     -1.12413          0.3    -0.202906     0.326378     0.273622   -0.0591955   -0.0151029     0.124918            1            5
       13.04      2.15394    -0.244252     -1.13224          0.3    -0.156686     0.320369     0.279631   -0.0471911   -0.0144136     0.116802            0            4
       13.08      2.15904    -0.255116     -1.13851          0.3    -0.104275     0.313556     0.286444   -0.0352019    -0.013638     0.110534            0            3
       13.12      2.16406    -0.266012     -1.14268          0.3   -0.0468962     0.306097     0.293903     -0.02323    -0.012729     0.106363            0            2
       13.16      2.16904    -0.276929     -1.14456          0.3    0.0171193     0.297774     0.302226   -0.0112781   -0.0116415     0.104487            0            1
        13.2      2.17401    -0.287856     -1.14387          0.3    0.0878668     0.288577     0.311423  0.000649402   -0.0103216     0.105172            1            0
       13.24      2.17898    -0.298779     -1.14036          0.3     0.172507     0.277574     0.322426    0.0111874   -0.0103992   -0.0332108            1            0
       13.28      2.18398    -0.309684     -1.13346          0.3    0.0991453     0.287111     0.312889   -0.0247277   0.00133514     0.437339            1            2
       13.32      2.18906    -0.320555     -1.12949          0.3     0.468164     0.239139     0.360861   -0.0140258   0.00677657     0.441305            1            1
       13.36      2.19419    -0.331405     -1.11077          0.3      0.56415     0.226661     0.373339  -0.00399116    0.0135877     0.460031            2            0
        13.4      2.19952    -0.342157      -1.0882          0.3     0.587297     0.223651     0.376349    -0.263989    0.0107405    -0.302801            2           22
       13.44      2.20509    -0.352787     -1.06471          0.3     0.460698     0.240109     0.359891    0.0152517    0.0285628     0.506089            1            0
       13.48       2.2109    -0.363283     -1.04628          0.3     0.426727     0.244525     0.355475    -0.239834   0.00788021    -0.260881            1           20
       13.52      2.21691    -0.373669     -1.02921          0.3     0.434662     0.243494     0.356506    -0.227814   0.00643789    -0.243812            1           19
       13.56       2.2231    -0.383952     -1.01182          0.3     0.416776     0.245819     0.354181    -0.215764   0.00523176    -0.226425            1           18
        13.6      2.22946    -0.394126    -0.995153          0.3     0.400866     0.247887     0.352113     -0.20371   0.00416547    -0.209754            1           17
       13.64        2.236    -0.404192    -0.979118          0.3      0.39151     0.249104     0.350896    -0.191651   0.00323772     -0.19372            0           16
       13.68      2.24269    -0.414152    -0.963458          0.3     0.390358     0.249253     0.350747    -0.179586   0.00246673    -0.178059            0           15
       13.72      2.24954    -0.424006    -0.947843          0.3     0.396541      0.24845      0.35155    -0.167512   0.00188014    -0.162445            0           14
       13.76      2.25654    -0.433752    -0.931982          0.3     0.408607     0.246881     0.353119    -0.155426   0.00150651    -0.146583            0           13
        13.8      2.26369    -0.443385    -0.915637          0.3     0.425231      0.24472      0.35528    -0.143329   0.00137265    -0.130239            0           12
       13.84        2.271    -0.452901    -0.898628          0.3     0.446745     0.241923     0.358077    -0.131224   0.00150249     -0.11323            0           11
       13.88      2.27848    -0.462291    -0.880758          0.3     0.469783     0.238928     0.361072    -0.119115   0.00192383   -0.0953599            0           10
       13.92      2.28612    -0.471545    -0.861967          0.3     0.494362     0.235733     0.364267    -0.107008   0.00265332   -0.0765685            0            9
       13.96      2.29393    -0.480655    -0.842193          0.3     0.520069     0.232391     0.367609   -0.0949113   0.00370851    -0.056794            0            8
          14      2.30192    -0.489608     -0.82139          0.3     0.546184     0.228996     0.371004   -0.0828342    0.0051053   -0.0359913            0            7
       14.04      2.31009    -0.498393    -0.799542     0.289935     0.739452     0.193807     0.386064    -0.106143   -0.0284979   -0.0141447            1            0
       14.08      2.31818    -0.506709    -0.769964     0.172351     0.770191    0.0722262     0.272476    -0.254176    0.0192927    -0.448213            1           17
       14.12      2.32312    -0.511508    -0.739157     0.151472     0.785398    0.0493704     0.253574     -0.24667    0.0191017    -0.417406            1           17
       14.16       2.3276     -0.51559    -0.707741     0.159641     0.785398    0.0575395     0.261743    -0.239904    0.0195369     -0.38599            1           16
        14.2      2.33245    -0.519741    -0.676325     0.164304     0.785398    0.0622018     0.266405    -0.232851    0.0200614    -0.354574            1           16
       14.24      2.33758    -0.523855    -0.644909     0.176304      0.73614    0.0806053     0.272002    -0.034321     0.023708     0.140489            0            4
       14.28      2.34322    -0.528094    -0.615463     0.188304      0.51524     0.121322     0.255285   -0.0277937    0.0276045     0.169935            0            3
       14.32      2.34937    -0.532442    -0.594854     0.200303     0.390063     0.149595     0.251012   -0.0207393    0.0309059     0.190545            0            2
       14.36        2.356    -0.536932    -0.579251     0.212303     0.338726     0.168269     0.256338   -0.0131797     0.033953     0.206147            0            1
        14.4      2.36311    -0.541581    -0.565702     0.224303      0.29995      0.18531     0.263297  -0.00515376    0.0370154     0.219696            1            0
       14.44      2.37068     -0.54639    -0.553704     0.236303     0.460021     0.176501     0.296106   -0.0320212   0.00478466     0.231693            0            4
       14.48      2.37872     -0.55136    -0.535303     0.248303     0.419808     0.193728     0.302878   -0.0232607   0.00874204     0.250094            0            3
       14.52      2.38727    -0.556427    -0.518511     0.260303     0.386513     0.210057      0.31055   -0.0140668    0.0128237     0.266886            0            2
       14.56      2.39631    -0.561587    -0.503051     0.272303     0.324791     0.230081     0.314526  -0.00444261    0.0170577     0.282347            1            0
        14.6      2.40585    -0.566838    -0.490059     0.284303     0.296737     0.245728     0.322879    -0.190334    0.0153909     -0.24508            1           16
       14.64      2.41588    -0.572191    -0.478189     0.296303     0.283897     0.259397      0.33321    0.0161756     0.025781     0.307206            1            0
       14.68      2.42641    -0.577645    -0.466834          0.3     0.306018     0.260218     0.339782    -0.167233     0.012152    -0.221855            1           14
       14.72      2.43712    -0.583045    -0.454593          0.3      0.33404     0.256575     0.343425    -0.155265    0.0107072    -0.209614            1           13
       14.76       2.4479    -0.588315    -0.441231          0.3     0.369911     0.251912     0.348088    -0.143258   0.00951899    -0.196252            1           12
        14.8      2.45876    -0.593439    -0.426435          0.3     0.380541      0.25053      0.34947    -0.131211   0.00863237    -0.181456            1           11
       14.84      2.46968    -0.598403    -0.411213          0.3     0.342048     0.255534     0.344466    0.0351568    0.0162418     0.374185            1            0
       14.88      2.48068    -0.603199    -0.397531          0.3     0.187463      0.27563      0.32437     -0.10734 -0.000904076   -0.0757804            1            9
       14.92      2.49174    -0.607845    -0.390033          0.3     0.271045     0.264764     0.335236   -0.0953204  -0.00106458   -0.0682818            1            8
       14.96      2.50284    -0.612408    -0.379191          0.3     0.349891     0.254514     0.345486   -0.0832801 -0.000801304     -0.05744            1            7
          15      2.51399     -0.61685    -0.365195          0.3     0.387292     0.249652     0.350348   -0.0712293 -9.24385e-05   -0.0434444            1            6
       15.04       2.5252    -0.621135    -0.349704          0.3     0.401802     0.247766     0.352234   -0.0591855  0.000934516   -0.0279527            0            5
       15.08      2.53647    -0.625247    -0.333632          0.3     0.405933     0.247229     0.352771   -0.0471583   0.00220605   -0.0118807            0            4
       15.12      2.54781    -0.629176    -0.317394          0.3     0.404433     0.247424     0.352576    -0.035153   0.00368716   0.00435668            0            3
       15.16      2.55921    -0.632922    -0.301217          0.3     0.398125     0.248244     0.351756   -0.0231733     0.005357     0.020534            0            2
        15.2      2.57067    -0.636482    -0.285292          0.3     0.386068     0.249811     0.350189   -0.0112212    0.0071953     0.036459            0            1
       15.24      2.58219    -0.639859    -0.269849          0.3     0.368087     0.252149     0.347851 -0.000601919   0.00918262     0.193799            1            0
       15.28      2.59375    -0.643058    -0.255126          0.3     0.367348     0.252245     0.347755    -0.584484   0.00670522    -0.255126            1           50
       15.32      2.60536    -0.646086    -0.240432          0.3      0.33831      0.25602      0.34398    -0.572512   0.00510132    -0.240432            1           49
       15.36      2.61702    -0.648944    -0.226899          0.3     0.307469     0.260029     0.339971    -0.560544   0.00356036    -0.226899            1           48
        15.4      2.62871    -0.651643    -0.214601          0.3     0.280199     0.263574     0.336426    -0.548583   0.00206089    -0.214601            1           47
       15.44      2.64044    -0.654199    -0.203393          0.3     0.257409     0.266537     0.333463    -0.536625  0.000601828    -0.203393            0           46
       15.48      2.65219    -0.656623    -0.193096          0.3     0.238453     0.269001     0.330999     -0.52467  -0.00081265    -0.193096            0           45
       15.52      2.66397    -0.658926    -0.183558          0.3     0.222373     0.271092     0.328908    -0.512714  -0.00217849    -0.183558            0           44
       15.56      2.67576    -0.661116    -0.174663          0.3     0.208349     0.272915     0.327085    -0.500757  -0.00349361    -0.174663            0           43
        15.6      2.68758    -0.663201    -0.166329          0.3     0.195801     0.274546     0.325454    -0.488799  -0.00475758    -0.166329            0           41
       15.64      2.69942    -0.665188    -0.158497          0.3     0.180651     0.276515     0.323485    -0.476838  -0.00597143    -0.158497            0           40
       15.68      2.71127    -0.667082    -0.151271          0.3     0.169666     0.277943     0.322057    -0.464876  -0.00715148    -0.151271            0           39
       15.72      2.72313     -0.66889    -0.144485          0.3     0.160653     0.279115     0.320885    -0.452914  -0.00828856    -0.144485            0           38
       15.76        2.735    -0.670618    -0.138058          0.3     0.152666     0.280153     0.319847    -0.440948  -0.00938016    -0.138058            0           37
        15.8      2.74689     -0.67227    -0.131952          0.3     0.145369     0.281102     0.318898     -0.42898   -0.0104265    -0.131952            0           36
       15.84      2.75879    -0.673848    -0.126137          0.3     0.138699     0.281969     0.318031     -0.41701   -0.0114287    -0.126137            0           35
       15.88      2.77069    -0.675358    -0.120589          0.3     0.132702     0.282749     0.317251    -0.405037   -0.0123877    -0.120589            0           34
       15.92       2.7826    -0.676802    -0.115281          0.3     0.127463      0.28343      0.31657    -0.393061   -0.0133041    -0.115281            0           33
       15.96      2.79452    -0.678182    -0.110182          0.3     0.123073        0.284        0.316    -0.381083   -0.0141779    -0.110182            0           32
          16      2.80645    -0.679501     -0.10526          0.3     0.119624     0.284449     0.315551    -0.369103   -0.0150079     -0.10526            0           31
       16.04      2.81838    -0.680762    -0.100475          0.3     0.117207     0.284763     0.315237    -0.357121   -0.0157927    -0.100475            0           30
       16.08      2.83032    -0.681966   -0.0957863          0.3     0.115917     0.284931     0.315069    -0.345135   -0.0165298   -0.0957863            0           29
       16.12      2.84227    -0.683113   -0.0911496          0.3     0.115853     0.284939     0.315061    -0.333147   -0.0172158   -0.0911496            0           28
       16.16      2.85422    -0.684206   -0.0865155          0.3     0.117122     0.284774     0.315226    -0.321156   -0.0178465   -0.0865155            0           27
        16.2      2.86617    -0.685243   -0.0818307          0.3     0.119841     0.284421     0.315579    -0.309161   -0.0184166   -0.0818307            0           26
       16.24      2.87813    -0.686223    -0.077037          0.3     0.124134     0.283863     0.316137    -0.297163   -0.0189196    -0.077037            0           25
       16.28       2.8901    -0.687147   -0.0720716          0.3     0.130136     0.283082     0.316918    -0.285162    -0.019348   -0.0720716            0           24
       16.32      2.90207    -0.688011   -0.0668662          0.3      0.13799     0.282061     0.317939    -0.273157   -0.0196927   -0.0668662            0           23
       16.36      2.91404    -0.688813   -0.0613466          0.3     0.147846      0.28078      0.31922    -0.261149   -0.0199437   -0.0613466            0           22
        16.4      2.92602    -0.689549   -0.0554327          0.3      0.15986     0.279218     0.320782    -0.249137    -0.020089   -0.0554327            0           21
       16.44        2.938    -0.690213   -0.0490383          0.3     0.174187     0.277356     0.322644    -0.237122   -0.0201153   -0.0490383            0           20
       16.48      2.94998    -0.690802   -0.0420709          0.3     0.190982     0.275172     0.324828    -0.225105   -0.0200075   -0.0420709            0           19
       16.52      2.96197    -0.691306   -0.0344316          0.3     0.210391     0.272649     0.327351    -0.213086   -0.0197488   -0.0344316            0           18
       16.56      2.97397    -0.691719    -0.026016          0.3     0.232547     0.269769     0.330231    -0.201068   -0.0193208    -0.026016            0           17
        16.6      2.98596    -0.692032   -0.0167141          0.3     0.257554     0.266518     0.333482    -0.189052   -0.0187029   -0.0167141            0           16
       16.64      2.99796    -0.692232  -0.00641191          0.3      0.28719     0.262665     0.337335    -0.177041   -0.0178733  -0.00641191            0           15
       16.68      3.00996    -0.692309   0.00507567          0.3     0.319982     0.258402     0.341598    -0.165041   -0.0168015   0.00507567            0           14
       16.72      3.02196    -0.692248    0.0178749          0.3     0.356917     0.253601     0.346399    -0.153056   -0.0154608    0.0178749            0           13
       16.76      3.03396    -0.692034    0.0321516          0.3     0.394874     0.248666     0.351334    -0.141093   -0.0138191    0.0321516            0           12
        16.8      3.04595    -0.691648    0.0479466          0.3     0.434544     0.243509     0.356491    -0.129163   -0.0118551    0.0479466            0           11
       16.84      3.05794    -0.691073    0.0653283          0.3     0.476005     0.238119     0.361881    -0.117275  -0.00954461    0.0653283            0           10
       16.88      3.06991    -0.690289    0.0843685          0.3     0.518907     0.232542     0.367458    -0.105443  -0.00686258    0.0843685            0            9
       16.92      3.08187    -0.689278     0.105125          0.3     0.562546     0.226869     0.373131   -0.0936816  -0.00378507     0.105125            0            8
       16.96       3.0938    -0.688019     0.127627          0.3     0.605881     0.221236     0.378765   -0.0820091 -0.000291049     0.127627            0            7
          17      3.10571    -0.686492     0.151862          0.3     0.647501     0.215825     0.384175   -0.0704443   0.00363618     0.151862            0            6
       17.04      3.11757    -0.684676     0.177762          0.3      0.68694     0.210698     0.389302   -0.0590074   0.00800633     0.177762            0            5
       17.08      3.12938    -0.682554      0.20524          0.3     0.717978     0.206663     0.393337   -0.0477195    0.0128257      0.20524            0            4
       17.12      3.14113    -0.680109     0.233959          0.3     0.742365     0.203493     0.396507   -0.0365968    0.0180742     0.233959            0            3
       17.16       3.1528    -0.677327     0.263653          0.3     0.752309       0.2022       0.3978    -0.025655    0.0237341     0.263653            0            2
        17.2      3.16439    -0.674199     0.293746          0.3     0.748579     0.202685     0.397315   -0.0148976    0.0297545     0.293746            0            1
       17.24      3.17587    -0.670725     0.323689          0.3     0.724984     0.205752     0.394248  -0.00432134    0.0360816     0.323689            1            0
       17.28      3.18725    -0.666908     0.352688          0.3     0.772255     0.199607     0.400393    -0.955494    0.0258382     -0.43271            1           77
       17.32      3.19851    -0.662763     0.383578          0.3     0.730822     0.204993     0.395007    -0.943348    0.0236299     -0.40182            1           76
       17.36      3.20964    -0.658272     0.412811          0.3     0.662219     0.213912     0.386088      -0.9312    0.0216435    -0.372587            1           75
        17.4      3.22063    -0.653458       0.4393          0.3     0.596106     0.222506     0.377494    -0.919092    0.0197549    -0.346098            1           74
       17.44      3.23149    -0.648354     0.463144          0.3     0.531955     0.230846     0.369154  -0.00404406    0.0213219     0.463144            1            0
       17.48      3.24223    -0.642993     0.484422          0.3     0.490375     0.236251     0.363749    -0.894987    0.0161613    -0.300976            1           72
       17.52      3.25285    -0.637405     0.504037          0.3     0.462458      0.23988      0.36012    -0.882963    0.0144827    -0.281361            1           72
       17.56      3.26335    -0.631609     0.522536          0.3     0.433807     0.243605     0.356395    -0.870938    0.0129326    -0.262862            1           71
        17.6      3.27375     -0.62562     0.539888          0.3     0.408822     0.246853     0.353147    -0.858914     0.011494     -0.24551            1           70
       17.64      3.28405    -0.619452     0.556241          0.3     0.184471     0.276019     0.323981    0.0439701    0.0583479     0.556241            1            0
       17.68      3.29424    -0.613116      0.56362          0.3     0.317802     0.258686     0.341314    -0.835038   0.00815997    -0.221778            1           68
       17.72      3.30438    -0.606705     0.576332          0.3     0.373498     0.251445     0.348555     -0.82306   0.00676218    -0.209066            1           67
       17.76      3.31444    -0.600165     0.591272          0.3     0.373873     0.251396     0.348604    -0.811022    0.0057354    -0.194126            1           66
        17.8       3.3244    -0.593476     0.606227          0.3     0.353814     0.254004     0.345996     -0.79897   0.00488993    -0.179171            1           65
       17.84      3.33427    -0.586639     0.620379          0.3     0.158517     0.279393     0.320607    0.0406322    0.0464952     0.620379            1            0
       17.88      3.34403    -0.579663      0.62672          0.3      0.26139     0.266019     0.333981    -0.774981   0.00280024    -0.158678            1           63
       17.92      3.35375    -0.572625     0.637176          0.3     0.305829     0.260242     0.339758    -0.762972   0.00193733    -0.148223            1           63
       17.96       3.3634    -0.565486     0.649409          0.3     0.301273     0.260835     0.339166     -0.75093   0.00137611    -0.135989            1           62
          18      3.37295    -0.558229      0.66146          0.3     0.282332     0.263297     0.336703    -0.738885  0.000944269    -0.123939            1           61
       18.04      3.38242    -0.550858     0.672753          0.3      0.26078     0.266099     0.333901    -0.726843  0.000582227    -0.112645            0           60
       18.08      3.39181     -0.54338     0.683184          0.3     0.240921      0.26868      0.33132    -0.714807  0.000270383    -0.102214            0           59
       18.12      3.40111    -0.535805     0.692821          0.3     0.223779     0.270909     0.329091    -0.702776  4.89962e-06   -0.0925772            0           58
       18.16      3.41035    -0.528141     0.701772          0.3      0.20914     0.272812     0.327188    -0.690749 -0.000212868    -0.083626            0           57
        18.2      3.41951    -0.520394     0.710138          0.3     0.196467     0.274459     0.325541    -0.678724 -0.000381118   -0.0752604            0           56
       18.24      3.42861    -0.512571     0.717996          0.3     0.185253     0.275917     0.324083    -0.666702 -0.000499698   -0.0674016            0           55
       18.28      3.43765    -0.504676     0.725406          0.3     0.175108     0.277236     0.322764    -0.654682 -0.000568287   -0.0599915            0           54
       18.32      3.44663    -0.496715     0.732411          0.3     0.165772      0.27845      0.32155    -0.642664 -0.000588623   -0.0529872            0           53
       18.36      3.45555    -0.488691     0.739042          0.3     0.157075      0.27958      0.32042    -0.630648  -0.00056186   -0.0463563            0           52
        18.4      3.46442    -0.480608     0.745325          0.3     0.148912     0.280641     0.319359    -0.618634 -0.000490268   -0.0400733            0           51
       18.44      3.47324    -0.472469     0.751281          0.3     0.141214     0.281642     0.318358    -0.606622 -0.000375634    -0.034117            0           50
       18.48      3.48201    -0.464279      0.75693          0.3     0.133937     0.282588     0.317412    -0.594611 -0.000220386   -0.0284685            0           49
       18.52      3.49073    -0.456038     0.762287          0.3     0.127043     0.283484     0.316516    -0.582602 -2.63629e-05    -0.023111            0           48
       18.56      3.49941    -0.447751     0.767369          0.3     0.120502     0.284335     0.315665    -0.570595   0.00020437   -0.0180293            0           47
        18.6      3.50805     -0.43942     0.772189          0.3     0.114284     0.285143     0.314857    -0.558589  0.000469937   -0.0132092            0           46
       18.64      3.51664    -0.431048      0.77676          0.3     0.108361     0.285913     0.314087    -0.546585   0.00076849  -0.00863779            0           45
       18.68       3.5252    -0.422636     0.781095          0.3       0.1027     0.286649     0.313351    -0.534583   0.00109823  -0.00430334            0           44
       18.72      3.53372    -0.414188     0.785203          0.3    0.0972702     0.287355     0.312645    -0.522582    0.0014574 -0.000195324            0           43
       18.76      3.54221    -0.405704     0.789094          0.3    0.0920371     0.288035     0.311965    -0.510583    0.0018441   0.00369549            0           42
     18.8001      3.55066    -0.397187     0.792775          0.3    0.0869631     0.288695     0.311305    -0.498585   0.00225663   0.00737697            0           41
     18.8401      3.55909     -0.38864     0.796254          0.3    0.0820092     0.289339     0.310661    -0.486588   0.00269302    0.0108556            0           40
     18.8801      3.56748    -0.380063     0.799534          0.3    0.0771318     0.289973     0.310027    -0.474593   0.00315137    0.0141359            0           39
     18.9201      3.57584    -0.371458     0.802619          0.3    0.0722848     0.290603     0.309397    -0.462599   0.00362947    0.0172212            0           38
     18.9601      3.58418    -0.362828     0.805511          0.3    0.0674162     0.291236     0.308764    -0.450606   0.00412528    0.0201126            0           37
     19.0001      3.59249    -0.354174     0.808207          0.3    0.0624714     0.291879     0.308121    -0.438614   0.00463606    0.0228092            0           36
     19.0401      3.60078    -0.345497     0.810706          0.3    0.0573875      0.29254      0.30746    -0.426624   0.00515955    0.0253082            0           36
     19.0801      3.60905      -0.3368     0.813002          0.3    0.0502163     0.293472     0.306528    -0.414634   0.00569273    0.0276037            0           34
     19.1201       3.6173    -0.328084      0.81501          0.3    0.0462321      0.29399      0.30601    -0.402644   0.00622465    0.0296124            0           34
     19.1601      3.62553    -0.319351      0.81686          0.3    0.0403206     0.294758     0.305242    -0.390655   0.00676471    0.0314617            0           32
     19.2001      3.63374    -0.310603     0.818472          0.3    0.0345208     0.295512     0.304488    -0.378666   0.00730342    0.0330745            0           32
     19.2401      3.64194    -0.301842     0.819853          0.3    0.0290583     0.296222     0.303778    -0.366677    0.0078383    0.0344553            0           31
     19.2801      3.65013    -0.293069     0.821016          0.3    0.0228404     0.297031     0.302969    -0.354688    0.0083677    0.0356176            0           30
     19.3201      3.65831    -0.284287     0.821929          0.3    0.0157931     0.297947     0.302053    -0.342699   0.00888638    0.0365313            0           29
     19.3601      3.66648    -0.275498     0.822561          0.3    0.0078504     0.298979     0.301021    -0.330709   0.00938783     0.037163            0           28
     19.4001      3.67464    -0.266703     0.822875          0.3  -0.00107073     0.300139     0.299861    -0.318719   0.00986513     0.037477            0           27
     19.4401      3.68281    -0.257906     0.822832          0.3   -0.0110745      0.30144      0.29856    -0.306727    0.0103104    0.0374343            0           26
     19.4801      3.69097    -0.249109     0.822389          0.3   -0.0222879     0.302897     0.297103    -0.294734    0.0107152    0.0369913            0           25
     19.5201      3.69913    -0.240316     0.821498          0.3   -0.0348518     0.304531     0.295469    -0.282739    0.0110699    0.0360998            0           24
     19.5601      3.70731     -0.23153     0.820104          0.3   -0.0489219      0.30636      0.29364    -0.270742    0.0113637    0.0347057            0           23
     19.6001      3.71549    -0.222755     0.818147          0.3   -0.0646618     0.308406     0.291594    -0.258743    0.0115846    0.0327488            0           22
     19.6401       3.7237    -0.213996      0.81556          0.3   -0.0822422     0.310692     0.289309    -0.246741    0.0117191     0.030162            0           21
     19.6801      3.73192    -0.205259      0.81227          0.3    -0.101834     0.313238     0.286762    -0.234737    0.0117522    0.0268723            0           20
     19.7201      3.74018    -0.196549     0.808197          0.3    -0.123606     0.316069     0.283931    -0.222731    0.0116673    0.0227989            0           19
     19.7601      3.74846    -0.187872     0.803253          0.3    -0.147722     0.319204     0.280796    -0.210724    0.0114466    0.0178546            0           18
     19.8001       3.7568    -0.179237     0.797344          0.3    -0.174326     0.322662     0.277338    -0.198717      0.01107    0.0119458            0           17
     19.8401      3.76518    -0.170651     0.790371          0.3    -0.203539      0.32646      0.27354    -0.186712     0.010516   0.00497288            0           16
     19.8801      3.77362    -0.162124     0.782229          0.3    -0.235448     0.330608     0.269392    -0.174712   0.00976175   -0.0031687            0           15
     19.9201      3.78214    -0.153665     0.772811          0.3    -0.270087     0.335111     0.264889     -0.16272   0.00878206   -0.0125866            0           14
     19.9601      3.79073    -0.145287     0.762008          0.3    -0.307423     0.339965     0.260035     -0.15074   0.00755083   -0.0233901            0           13
     20.0001      3.79941    -0.137003     0.749711          0.3    -0.347336     0.345154     0.254846    -0.138779   0.00604107    -0.035687            0           12
     20.0401      3.80819    -0.128826     0.735818          0.3    -0.389593     0.350647     0.249353    -0.126846   0.00422486   -0.0495802            0           11
     20.0801      3.81709    -0.120771     0.720234          0.3    -0.433815     0.356396     0.243604    -0.114951   0.00207437    -0.065164            0            9
     20.1201      3.82611    -0.112857     0.702881          0.3    -0.580576     0.375475     0.224525    -0.103104 -0.000437621   -0.0825166            0            9
     20.1601      3.83526      -0.1051     0.679658          0.3    -0.541558     0.370403     0.229598   -0.0913629  -0.00373871     -0.10574            0            7
     20.2001      3.84459   -0.0975574     0.657996          0.3     -0.66896     0.386965     0.213035   -0.0796821  -0.00715653    -0.127402            0            7
     20.2401      3.85409    -0.090219     0.631238          0.3    -0.612039     0.379565     0.220435   -0.0681548   -0.0113305     -0.15416            0            5
     20.2801      3.86378   -0.0831373     0.606756          0.3    -0.736405     0.395733     0.204267   -0.0567026   -0.0155875    -0.178641            0            4
     20.3201      3.87364   -0.0762948       0.5773          0.3    -0.783324     0.401832     0.198168   -0.0454595   -0.0206105    -0.208098            0            3
     20.3601      3.88369   -0.0697457     0.545967     0.297615    -0.785398     0.399717     0.195513   -0.0344137   -0.0261448    -0.239431            0            2
     20.4001      3.89386   -0.0635642     0.514551          0.3    -0.777973     0.401137     0.198864   -0.0236414   -0.0320078    -0.270847            0            1
     20.4401      3.90431   -0.0576585     0.483432     0.217299    -0.785398     0.319401     0.115197   -0.0225728    0.0267415    0.0197839            0            2
     20.4801      3.91201   -0.0536183     0.452016      0.09498     0.593111    0.0178756     0.172084   -0.0138696     0.023772    -0.011632            1            0
     20.5201      3.91542   -0.0519589      0.47574          0.1      1.00918    -0.031193     0.231193   -0.0311593    0.0206804     -1.09506            1           -1
     20.5601      3.91898   -0.0501269     0.516108          0.1      1.07438   -0.0396698      0.23967   -0.0257771    0.0190454     -1.05469            1           -1
     20.6001      3.92246   -0.0481529     0.559083          0.1      1.03535   -0.0345952     0.234595   -0.0201121     0.017767     -1.01171            1           -1
     20.6401      3.92585   -0.0460313     0.600497    0.0752607     0.785398   -0.0268411     0.177362    0.0133144   -0.0338574    -0.184902            1            0
     20.6801      3.92833   -0.0443302     0.631913          0.1    -0.117501     0.115275    0.0847249    -0.015976   -0.0102614     0.631913            1           -1
     20.7201      3.93156   -0.0419675     0.627213          0.1    -0.495095     0.164362    0.0356377   -0.0124717   -0.0082785     0.627213            1           -1
     20.7601       3.9348   -0.0396199     0.607409          0.1    -0.590178     0.176723    0.0232768  -0.00808668  -0.00754579     0.607409            1           -1
     20.8001      3.93808    -0.037337     0.583802          0.1    -0.588385      0.17649    0.0235099  -0.00347805    -0.007217     0.583802            1           -1
     20.8401      3.94142   -0.0351322     0.560266        0.112    -0.555041     0.184155    0.0398447    0.0312133   -0.0411002    -0.225132            1            0
     20.8801      3.94522   -0.0327514     0.538065          0.1     -0.50003     0.165004    0.0349961    0.0060873  -0.00650396     0.538065            1           -1
     20.9201      3.94865   -0.0307015     0.518064          0.1    -0.480998      0.16253    0.0374702      0.01053   -0.0061817     0.518064            1           -1
     20.9601      3.95213   -0.0287207     0.498824          0.1    -0.455991     0.159279    0.0407211    0.0149422  -0.00588149     0.498824            1           -1
     21.0001      3.95564   -0.0268072     0.480584          0.1     -0.43136     0.156077    0.0439232    0.0193124   -0.0055775     0.480584            1           -1
     21.0401      3.95919    -0.024958      0.46333        0.112    -0.545458     0.182909    0.0410905     0.023644    0.0447349      0.46333            1            0
     21.0801      3.96319   -0.0229557     0.441511          0.1      0.68463    0.0109981     0.189002  -0.00522514    -0.028605     -1.12929            1           -1
     21.1201      3.96681   -0.0212465     0.468897          0.1      1.03515   -0.0345699      0.23457  -0.00105633   -0.0310178      -1.1019            1           -1
     21.1601      3.97038   -0.0194389     0.510303          0.1      1.09691   -0.0425988     0.242599   0.00440519   -0.0326385     -1.06049            1           -1
     21.2001      3.97387   -0.0174851     0.554179          0.1      1.06425   -0.0383527     0.238353    0.0101394   -0.0339026     -1.01662            1           -1
